-4.761115054711080789e-32
-1.925863176308109147e-31
-7.638513225117869808e-31
-2.968949091137389664e-30
-1.130275471750674978e-29
-4.212337400171645883e-29
-1.536111010657943662e-28
-5.479055950592886825e-28
-1.910946402012897597e-27
-6.515944084434914464e-27
-2.171994303727531104e-26
-7.078278804415450649e-26
-2.255596888831359739e-25
-7.030671541823428350e-25
-2.144365331827707717e-24
-6.402839235463371242e-24
-1.872605116561784813e-23
-5.367164105610059545e-23
-1.508393684865325045e-22
-4.158908771116279786e-22
-1.125562996414874439e-21
-2.991479096304026138e-21
-7.811265241555709128e-21
-2.004707434321781429e-20
-5.058514468612643161e-20
-1.255389268204884894e-19
-3.065005573444666545e-19
-7.363604205953445704e-19
-1.741151082926650396e-18
-4.052761071445902180e-18
-9.287519397657615597e-18
-2.095702282880865691e-17
-4.656884904480431710e-17
-1.019127145777018700e-16
-2.196667187442924701e-16
-4.663672880935939864e-16
-9.753103696435701589e-16
-2.009200902644537289e-15
-4.077413320174860800e-15
-8.151543540646163932e-15
-1.605444564182351153e-14
-3.115004659922336605e-14
-5.954333976831288622e-14
-1.121301808999428107e-13
-2.080308446122600130e-13
-3.802311384585449483e-13
-6.846748645469857841e-13
-1.214604263520546734e-12
-2.122730376891146520e-12
-3.654793481744356143e-12
-6.199163144621211430e-12
-1.035860199699589757e-11
-1.705139848762193822e-11
-2.765063178422622059e-11
-4.417012242075024631e-11
-6.950603981259462216e-11
-1.077404554461480757e-10
-1.645081432188888471e-10
-2.474225269111229863e-10
-3.665413528253225195e-10
-5.348453901987682002e-10
-7.686739578183221511e-10
-1.088057421938515290e-09
-1.516850534066804812e-09
-2.082574113160262641e-09
-2.815838895386946206e-09
-3.749281773934853845e-09
-4.915905016389388038e-09
-6.346775549559424690e-09
-8.068202106414901209e-09
-1.009837369281285646e-08
-1.244381220288914847e-08
-1.509584635073224490e-08
-1.802749416413007566e-08
-2.119131892186487676e-08
-2.451860581231812830e-08
-2.791993836126493989e-08
-3.128813119701590040e-08
-3.450270114058184845e-08
-3.743651433296690811e-08
-3.996349562385148602e-08
-4.196718705884450173e-08
-4.334935610472712142e-08
-4.403760911486642726e-08
-4.399121067422129272e-08
-4.320439828120470338e-08
-4.170696144001340144e-08
-3.956187555331780459e-08
-3.686005101144473883e-08
-3.371279433395102387e-08
-3.024342021262782509e-08
-2.657782260939711705e-08
-2.283621292065163288e-08
-1.912585823049539613e-08
-1.553594763947785395e-08
-1.213486555684539780e-08
-8.969666787095320615e-09
-6.067563784739604671e-09
-3.438878959372004829e-09
-1.080893263782911617e-09
1.018097051108668438e-09
2.875038651595218653e-09
4.509073114888906275e-09
5.939349900785373393e-09
7.183791783660353758e-09
8.258580486142363952e-09
9.178207527327231219e-09
9.955802404704172659e-09
1.060356691340302859e-08
1.113304826105832035e-08
1.155530071628163569e-08
1.188084475245432259e-08
1.211950895196878264e-08
1.228025858779346891e-08
1.237109703566829921e-08
1.239898317351162405e-08
1.237000635256890746e-08
1.228958002030822172e-08
1.216264866599203742e-08
1.199400401219463674e-08
1.178838715532037895e-08
1.155057205437515222e-08
1.128529270033595822e-08
1.099705659868277507e-08
1.068998400910459168e-08
1.036763741524282523e-08
1.003284566536422062e-08
9.687760815779711265e-09
9.333922967869057175e-09
8.972454779154759308e-09
8.604350121288462105e-09
8.230649939378054114e-09
7.852693606480443123e-09
7.472191754231971572e-09
7.091230713740515057e-09
6.712121969343343153e-09
6.337232072439746844e-09
5.968716187965128483e-09
5.608304043391854066e-09
5.257110302636647248e-09
4.915568840857531541e-09
4.583482926534543367e-09
4.260106489795134621e-09
3.944452764415018464e-09
3.635516110378489429e-09
3.332604414651996194e-09
3.035576012777596588e-09
2.745066396414586052e-09
2.462515524825903412e-09
2.190124748224775431e-09
1.930505311165120474e-09
1.686203732198521266e-09
1.459135812176270974e-09
1.250253345297380747e-09
1.059607512843285804e-09
8.866450351696641974e-10
7.305706595239769285e-10
5.904949307300455530e-10
4.654425456163124863e-10
3.545027049689508658e-10
2.572628499120099832e-10
1.744809297044014329e-10
1.082385084338888248e-10
6.044679340400094247e-11
3.033564024979007456e-11
1.386591362562139551e-11
5.895107752645900590e-12
2.378407583727981667e-12
9.242819183630235358e-13
3.493373125496024301e-13
1.291518568523677968e-13
4.686065785083383395e-14
1.671717777228243218e-14
5.869426293055686125e-15
2.029345675470849500e-15
6.911411919933562603e-16
2.319029831701076945e-16
7.666683141033844417e-17
2.497463410089503701e-17
8.016606844487254310e-18
2.535630764323619228e-18
7.903115182903141253e-19
2.427285768812022825e-19
7.346254351099087372e-20
2.190914837495417758e-20
6.438889806489624218e-21
1.864744395320296068e-21
5.321675861460119297e-22
1.496601792054081360e-22
4.147512886479457049e-23
1.132663132681428914e-23
3.048174709422546647e-24
8.083783100923111637e-25
2.112619547545544573e-25
5.440716347634173458e-26
1.380791621768539970e-26
3.453296005317321918e-27
8.511000276758074741e-28
2.067075331480300159e-28
4.947415507989428885e-29
