1.301638125000000000e+05
1.122728281250000000e+05
9.680078125000000000e+04
8.342535937500000000e+04
7.186609375000000000e+04
6.188011718750000000e+04
5.325624609375000000e+04
4.581159375000000000e+04
3.938728125000000000e+04
3.384568750000000000e+04
2.906754296875000000e+04
2.494935937500000000e+04
2.140162695312500000e+04
1.834663476562500000e+04
1.571727148437500000e+04
1.345530566406250000e+04
1.151039355468750000e+04
9.839013671875000000e+03
8.403474609375000000e+03
7.171214843750000000e+03
6.114085449218750000e+03
5.207770507812500000e+03
4.431268066406250000e+03
3.766439208984375000e+03
3.197653564453125000e+03
2.711382812500000000e+03
2.296009277343750000e+03
1.941489990234375000e+03
1.639182250976562500e+03
1.381638671875000000e+03
1.162455200195312500e+03
9.761135864257812500e+02
8.178747558593750000e+02
6.836657714843750000e+02
5.699840087890625000e+02
4.738236389160156250e+02
3.926079711914062500e+02
3.241246337890625000e+02
2.664813537597656250e+02
2.180535125732421875e+02
1.774546356201171875e+02
1.434970855712890625e+02
1.151655883789062500e+02
9.159587097167968750e+01
7.204861450195312500e+01
5.589464187622070312e+01
4.259777069091796875e+01
3.170298194885253906e+01
2.282275199890136719e+01
1.562878131866455078e+01
9.842657089233398438e+00
5.228749752044677734e+00
1.588052034378051758e+00
-1.247554302215576172e+00
-3.419604063034057617e+00
-5.047123908996582031e+00
-6.229901790618896484e+00
-7.051693439483642578e+00
-7.582283973693847656e+00
-7.879945755004882812e+00
-7.993088245391845703e+00
-7.961763381958007812e+00
-7.819027423858642578e+00
-7.592072010040283203e+00
-7.303086757659912109e+00
-6.970206737518310547e+00
-6.607998371124267578e+00
-6.228243827819824219e+00
-5.840231418609619141e+00
-5.451333045959472656e+00
-5.067232131958007812e+00
-4.692269325256347656e+00
-4.329682350158691406e+00
-3.981807231903076172e+00
-3.650256633758544922e+00
-3.336030960083007812e+00
-3.039679527282714844e+00
-2.761377334594726562e+00
-2.501012086868286133e+00
-2.258247613906860352e+00
-2.032580137252807617e+00
-1.823382854461669922e+00
-1.629945874214172363e+00
-1.451501607894897461e+00
-1.287251591682434082e+00
-1.136380910873413086e+00
-9.980747103691101074e-01
-8.715301156044006348e-01
-7.559648156166076660e-01
-6.506221294403076172e-01
-5.547753572463989258e-01
-4.677325785160064697e-01
-3.888362646102905273e-01
-3.174659609794616699e-01
-2.530370950698852539e-01
-1.950016468763351440e-01
-1.428468227386474609e-01
-9.609424322843551636e-02
-5.429821088910102844e-02
-1.704460941255092621e-02
1.605087146162986755e-02
4.534428939223289490e-02
7.116511464118957520e-02
9.381789714097976685e-02
1.135837808251380920e-01
1.307221502065658569e-01
1.454719901084899902e-01
1.580534875392913818e-01
1.686691641807556152e-01
1.775053590536117554e-01
1.847332566976547241e-01
1.905102133750915527e-01
1.949805766344070435e-01
1.982767581939697266e-01
2.005202621221542358e-01
2.018224298954010010e-01
2.022851556539535522e-01
2.020017355680465698e-01
2.010575383901596069e-01
1.995305418968200684e-01
1.974919140338897705e-01
1.950066238641738892e-01
1.921338289976119995e-01
1.889273524284362793e-01
1.854362040758132935e-01
1.817046552896499634e-01
1.777729839086532593e-01
1.736774742603302002e-01
1.694509238004684448e-01
1.651227623224258423e-01
1.607194840908050537e-01
1.562647372484207153e-01
1.517795771360397339e-01
1.472828537225723267e-01
1.427911520004272461e-01
1.383191943168640137e-01
1.338798105716705322e-01
1.294843405485153198e-01
1.251426637172698975e-01
1.208632141351699829e-01
1.166533529758453369e-01
1.125194132328033447e-01
1.084666028618812561e-01
1.044994518160820007e-01
1.006215661764144897e-01
9.683596342802047729e-02
9.314497560262680054e-02
8.955042809247970581e-02
8.605358749628067017e-02
8.265524357557296753e-02
7.935582101345062256e-02
7.615534216165542603e-02
7.305347919464111328e-02
7.004956901073455811e-02
6.714268028736114502e-02
6.433160603046417236e-02
6.161488965153694153e-02
5.899090319871902466e-02
5.645780265331268311e-02
5.401363968849182129e-02
5.165631696581840515e-02
4.938371852040290833e-02
4.719364643096923828e-02
4.508390277624130249e-02
4.305238649249076843e-02
4.109697416424751282e-02
3.921566531062126160e-02
3.740652278065681458e-02
3.566768020391464233e-02
3.399734944105148315e-02
3.239374235272407532e-02
3.085511364042758942e-02
2.937965840101242065e-02
2.796546742320060730e-02
2.661058679223060608e-02
2.531287632882595062e-02
2.407009527087211609e-02
2.287979796528816223e-02
2.173944562673568726e-02
2.064638398587703705e-02
1.959787309169769287e-02
1.859118789434432983e-02
1.762363314628601074e-02
1.669264584779739380e-02
1.579583436250686646e-02
1.493107154965400696e-02
1.409652736037969589e-02
1.329077687114477158e-02
1.251283846795558929e-02
1.176221668720245361e-02
1.103883888572454453e-02
1.034266967326402664e-02
9.673214517533779144e-03
9.029601700603961945e-03
8.411726914346218109e-03
7.819974794983863831e-03
7.253340445458889008e-03
6.710622925311326981e-03
6.192656699568033218e-03
5.701179150491952896e-03
